09 06 01 10 21 26 25 30 28 05 14 29 17 03 20 07 23 11 16 18 04 08 24 31 02 27 22 00 15 13 19 12
14 08 18 15 00 07 12 03 16 26 28 10 22 01 17 24 06 30 13 27 25 29 31 09 20 05 02 19 21 11 23 04
31 01 21 08 25 19 24 23 30 28 09 13 03 27 26 16 02 12 14 17 00 20 07 29 18 11 10 04 05 15 22 06
13 16 28 24 23 31 01 19 03 00 22 21 05 29 07 18 10 20 15 30 11 27 25 12 14 26 09 02 17 04 06 08
12 17 16 13 27 23 11 07 04 30 02 22 24 08 15 06 18 00 05 19 14 26 10 21 29 31 03 01 25 28 09 20
03 10 11 27 19 20 26 31 18 02 05 25 06 16 30 15 24 23 00 13 01 12 04 14 09 28 17 08 29 21 07 22
00 30 24 09 01 15 17 21 12 04 18 08 11 19 22 14 13 16 02 10 26 28 20 05 25 23 06 03 07 29 27 31
20 18 10 12 17 28 02 01 21 29 08 09 30 07 04 05 15 24 26 11 19 16 27 13 06 03 00 14 22 31 25 23
21 15 22 26 10 05 09 28 20 03 27 11 04 18 31 29 17 01 23 25 06 14 30 24 07 13 16 12 19 08 00 02
23 20 19 04 16 27 29 17 08 12 21 24 28 06 25 02 01 22 10 26 07 11 14 18 00 09 13 05 30 03 31 15
04 14 09 21 26 18 05 12 02 22 11 00 27 20 10 19 16 31 07 29 15 24 23 06 17 01 30 13 28 25 08 03
08 07 23 17 14 21 06 09 05 15 10 02 01 12 18 11 25 03 04 31 29 13 26 20 22 16 24 30 00 27 28 19
15 23 08 05 07 04 28 11 24 19 25 17 09 13 14 21 26 06 22 12 03 02 00 10 31 30 01 18 20 16 29 27
05 21 29 16 24 30 14 04 13 31 00 19 18 15 23 10 09 08 12 06 17 25 28 03 27 02 07 20 11 22 01 26
17 19 13 02 06 25 10 22 23 11 03 30 15 21 00 04 12 07 20 09 08 18 16 01 26 14 28 27 31 05 24 29
02 26 05 03 22 12 30 20 10 17 31 14 19 24 16 00 27 21 11 08 13 15 09 04 01 29 25 28 23 06 18 07
25 03 31 11 15 24 00 02 17 27 19 04 20 14 13 30 28 10 09 21 23 06 08 07 05 12 29 22 16 01 26 18
22 31 00 01 11 13 20 05 27 23 06 07 14 25 02 03 08 04 29 16 28 09 19 30 24 18 21 10 26 12 15 17
07 09 20 31 18 14 22 06 25 16 01 27 12 05 19 13 21 02 17 28 10 03 29 15 11 00 04 26 08 23 30 24
06 05 15 28 31 17 21 14 01 25 13 26 02 22 11 09 20 29 03 00 24 07 12 19 30 10 08 23 27 18 04 16
28 04 14 30 29 01 31 16 22 18 12 03 07 17 09 27 05 26 19 20 21 10 15 02 08 24 23 11 06 00 13 25
26 02 03 07 05 29 19 15 14 21 17 31 25 00 08 28 11 18 27 04 30 22 13 23 12 06 20 09 01 24 16 10
10 12 17 14 09 06 27 29 00 24 23 01 08 02 05 26 03 13 28 07 16 04 11 25 21 22 15 31 18 19 20 30
01 11 02 00 04 10 03 24 15 06 29 16 31 28 21 23 19 09 18 14 20 30 22 26 13 08 27 25 12 07 17 05
18 25 12 23 28 03 08 27 19 09 26 15 00 30 29 17 14 05 21 02 22 01 06 11 16 04 31 07 24 20 10 13
24 28 06 29 30 11 16 18 26 10 20 23 13 09 01 25 22 19 08 03 27 31 02 00 15 07 05 21 04 17 12 14
11 29 30 06 12 08 23 13 09 14 04 20 16 31 03 22 07 27 01 24 02 21 18 17 28 25 19 15 10 26 05 00
27 00 04 18 02 22 07 10 31 08 24 05 26 11 12 20 29 15 25 23 09 19 01 16 03 17 14 06 13 30 21 28
29 24 27 22 08 16 18 25 11 13 07 12 10 23 06 01 04 14 30 15 31 00 05 28 19 20 26 17 02 09 03 21
19 22 26 25 13 09 04 08 07 20 30 06 29 10 28 31 00 17 24 01 12 05 21 27 23 15 18 16 03 14 02 11
16 27 07 20 03 00 13 26 06 01 15 28 21 04 24 08 30 25 31 05 18 23 17 22 10 19 12 29 14 02 11 09
30 13 25 19 20 02 15 00 29 07 16 18 23 26 27 12 31 28 06 22 05 17 03 08 04 21 11 24 09 10 14 01